# geoalg robot arm
frame 0
point 0.000000 0.000000 0.000000
point -0.000000 0.000000 1.000000
point -0.000000 0.000000 2.000000
point -0.000000 0.000000 3.000000
segment 0.000000 0.000000 0.000000 -0.000000 0.000000 1.000000
segment -0.000000 0.000000 1.000000 -0.000000 0.000000 2.000000
segment -0.000000 0.000000 2.000000 -0.000000 0.000000 3.000000
frame 1
point 0.000000 0.000000 0.000000
point -0.000000 0.000000 1.000000
point 0.013605 -0.103340 1.994553
point 0.047124 -0.357945 2.961017
segment 0.000000 0.000000 0.000000 -0.000000 0.000000 1.000000
segment -0.000000 0.000000 1.000000 0.013605 -0.103340 1.994553
segment 0.013605 -0.103340 1.994553 0.047124 -0.357945 2.961017
frame 2
point 0.000000 0.000000 0.000000
point -0.000000 0.000000 1.000000
point 0.053208 -0.198574 1.978641
point 0.178892 -0.667633 2.852819
segment 0.000000 0.000000 0.000000 -0.000000 0.000000 1.000000
segment -0.000000 0.000000 1.000000 0.053208 -0.198574 1.978641
segment 0.053208 -0.198574 1.978641 0.178892 -0.667633 2.852819
frame 3
point 0.000000 0.000000 0.000000
point -0.000000 0.000000 1.000000
point 0.115336 -0.278445 1.953502
point 0.370653 -0.894835 2.698402
segment 0.000000 0.000000 0.000000 -0.000000 0.000000 1.000000
segment -0.000000 0.000000 1.000000 0.115336 -0.278445 1.953502
segment 0.115336 -0.278445 1.953502 0.370653 -0.894835 2.698402
frame 4
point 0.000000 0.000000 0.000000
point -0.000000 0.000000 1.000000
point 0.194709 -0.337246 1.921061
point 0.592393 -1.026055 2.527187
segment 0.000000 0.000000 0.000000 -0.000000 0.000000 1.000000
segment -0.000000 0.000000 1.000000 0.194709 -0.337246 1.921061
segment 0.194709 -0.337246 1.921061 0.592393 -1.026055 2.527187
frame 5
point 0.000000 0.000000 0.000000
point -0.000000 0.000000 1.000000
point 0.284891 -0.371277 1.883736
point 0.817890 -1.065895 2.366871
segment 0.000000 0.000000 0.000000 -0.000000 0.000000 1.000000
segment -0.000000 0.000000 1.000000 0.284891 -0.371277 1.883736
segment 0.284891 -0.371277 1.883736 0.817890 -1.065895 2.366871
frame 6
point 0.000000 0.000000 0.000000
point -0.000000 0.000000 1.000000
point 0.379005 -0.379005 1.844221
point 1.028878 -1.028878 2.238342
segment 0.000000 0.000000 0.000000 -0.000000 0.000000 1.000000
segment -0.000000 0.000000 1.000000 0.379005 -0.379005 1.844221
segment 0.379005 -0.379005 1.844221 1.028878 -1.028878 2.238342
frame 7
point 0.000000 0.000000 0.000000
point -0.000000 0.000000 1.000000
point 0.470397 -0.360948 1.805260
point 1.213851 -0.931421 2.154311
segment 0.000000 0.000000 0.000000 -0.000000 0.000000 1.000000
segment -0.000000 0.000000 1.000000 0.470397 -0.360948 1.805260
segment 0.470397 -0.360948 1.805260 1.213851 -0.931421 2.154311
frame 8
point 0.000000 0.000000 0.000000
point -0.000000 0.000000 1.000000
point 0.553139 -0.319355 1.769448
point 1.364148 -0.787591 2.120187
segment 0.000000 0.000000 0.000000 -0.000000 0.000000 1.000000
segment -0.000000 0.000000 1.000000 0.553139 -0.319355 1.769448
segment 0.553139 -0.319355 1.769448 1.364148 -0.787591 2.120187
frame 9
point 0.000000 0.000000 0.000000
point -0.000000 0.000000 1.000000
point 0.622349 -0.257785 1.739073
point 1.470602 -0.609143 2.135322
segment 0.000000 0.000000 0.000000 -0.000000 0.000000 1.000000
segment -0.000000 0.000000 1.000000 0.622349 -0.257785 1.739073
segment 0.622349 -0.257785 1.739073 1.470602 -0.609143 2.135322
frame 10
point 0.000000 0.000000 0.000000
point -0.000000 0.000000 1.000000
point 0.674313 -0.180682 1.716000
point 1.522891 -0.408058 2.193718
segment 0.000000 0.000000 0.000000 -0.000000 0.000000 1.000000
segment -0.000000 0.000000 1.000000 0.674313 -0.180682 1.716000
segment 0.674313 -0.180682 1.716000 1.522891 -0.408058 2.193718
frame 11
point 0.000000 0.000000 0.000000
point -0.000000 0.000000 1.000000
point 0.706475 -0.093009 1.701600
point 1.512035 -0.199063 2.284545
segment 0.000000 0.000000 0.000000 -0.000000 0.000000 1.000000
segment -0.000000 0.000000 1.000000 0.706475 -0.093009 1.701600
segment 0.706475 -0.093009 1.701600 1.512035 -0.199063 2.284545
frame 12
point 0.000000 0.000000 0.000000
point -0.000000 0.000000 1.000000
point 0.717356 0.000000 1.696707
point 1.434712 0.000000 2.393413
segment 0.000000 0.000000 0.000000 -0.000000 0.000000 1.000000
segment -0.000000 0.000000 1.000000 0.717356 0.000000 1.696707
segment 0.717356 0.000000 1.696707 1.434712 0.000000 2.393413
frame 13
point 0.000000 0.000000 0.000000
point -0.000000 0.000000 1.000000
point 0.706475 0.093009 1.701600
point 1.296862 0.170735 2.504969
segment 0.000000 0.000000 0.000000 -0.000000 0.000000 1.000000
segment -0.000000 0.000000 1.000000 0.706475 0.093009 1.701600
segment 0.706475 0.093009 1.701600 1.296862 0.170735 2.504969
frame 14
point 0.000000 0.000000 0.000000
point -0.000000 0.000000 1.000000
point 0.674313 0.180682 1.716000
point 1.114126 0.298529 2.606324
segment 0.000000 0.000000 0.000000 -0.000000 0.000000 1.000000
segment -0.000000 0.000000 1.000000 0.674313 0.180682 1.716000
segment 0.674313 0.180682 1.716000 1.114126 0.298529 2.606324
frame 15
point 0.000000 0.000000 0.000000
point -0.000000 0.000000 1.000000
point 0.622349 0.257785 1.739073
point 0.908441 0.376289 2.689919
segment 0.000000 0.000000 0.000000 -0.000000 0.000000 1.000000
segment -0.000000 0.000000 1.000000 0.622349 0.257785 1.739073
segment 0.622349 0.257785 1.739073 0.908441 0.376289 2.689919
frame 16
point 0.000000 0.000000 0.000000
point -0.000000 0.000000 1.000000
point 0.553139 0.319355 1.769448
point 0.702390 0.405525 2.754485
segment 0.000000 0.000000 0.000000 -0.000000 0.000000 1.000000
segment -0.000000 0.000000 1.000000 0.553139 0.319355 1.769448
segment 0.553139 0.319355 1.769448 0.702390 0.405525 2.754485
frame 17
point 0.000000 0.000000 0.000000
point -0.000000 0.000000 1.000000
point 0.470397 0.360948 1.805260
point 0.514110 0.394490 2.803741
segment 0.000000 0.000000 0.000000 -0.000000 0.000000 1.000000
segment -0.000000 0.000000 1.000000 0.470397 0.360948 1.805260
segment 0.470397 0.360948 1.805260 0.514110 0.394490 2.803741
frame 18
point 0.000000 0.000000 0.000000
point -0.000000 0.000000 1.000000
point 0.379005 0.379005 1.844221
point 0.354746 0.354746 2.843633
segment 0.000000 0.000000 0.000000 -0.000000 0.000000 1.000000
segment -0.000000 0.000000 1.000000 0.379005 0.379005 1.844221
segment 0.379005 0.379005 1.844221 0.354746 0.354746 2.843633
frame 19
point 0.000000 0.000000 0.000000
point -0.000000 0.000000 1.000000
point 0.284891 0.371277 1.883736
point 0.228633 0.297960 2.879457
segment 0.000000 0.000000 0.000000 -0.000000 0.000000 1.000000
segment -0.000000 0.000000 1.000000 0.284891 0.371277 1.883736
segment 0.284891 0.371277 1.883736 0.228633 0.297960 2.879457
frame 20
point 0.000000 0.000000 0.000000
point -0.000000 0.000000 1.000000
point 0.194709 0.337246 1.921061
point 0.135044 0.233903 2.913916
segment 0.000000 0.000000 0.000000 -0.000000 0.000000 1.000000
segment -0.000000 0.000000 1.000000 0.194709 0.337246 1.921061
segment 0.194709 0.337246 1.921061 0.135044 0.233903 2.913916
frame 21
point 0.000000 0.000000 0.000000
point -0.000000 0.000000 1.000000
point 0.115336 0.278445 1.953502
point 0.070239 0.169572 2.946534
segment 0.000000 0.000000 0.000000 -0.000000 0.000000 1.000000
segment -0.000000 0.000000 1.000000 0.115336 0.278445 1.953502
segment 0.115336 0.278445 1.953502 0.070239 0.169572 2.946534
frame 22
point 0.000000 0.000000 0.000000
point -0.000000 0.000000 1.000000
point 0.053208 0.198574 1.978641
point 0.029186 0.108925 2.974324
segment 0.000000 0.000000 0.000000 -0.000000 0.000000 1.000000
segment -0.000000 0.000000 1.000000 0.053208 0.198574 1.978641
segment 0.053208 0.198574 1.978641 0.029186 0.108925 2.974324
frame 23
point 0.000000 0.000000 0.000000
point -0.000000 0.000000 1.000000
point 0.013605 0.103340 1.994553
point 0.006968 0.052926 2.993259
segment 0.000000 0.000000 0.000000 -0.000000 0.000000 1.000000
segment -0.000000 0.000000 1.000000 0.013605 0.103340 1.994553
segment 0.013605 0.103340 1.994553 0.006968 0.052926 2.993259
frame 24
point 0.000000 0.000000 0.000000
point -0.000000 0.000000 1.000000
point 0.000000 0.000000 2.000000
point 0.000000 0.000000 3.000000
segment 0.000000 0.000000 0.000000 -0.000000 0.000000 1.000000
segment -0.000000 0.000000 1.000000 0.000000 0.000000 2.000000
segment 0.000000 0.000000 2.000000 0.000000 0.000000 3.000000
frame 25
point 0.000000 0.000000 0.000000
point -0.000000 0.000000 1.000000
point 0.013605 -0.103340 1.994553
point 0.006968 -0.052926 2.993259
segment 0.000000 0.000000 0.000000 -0.000000 0.000000 1.000000
segment -0.000000 0.000000 1.000000 0.013605 -0.103340 1.994553
segment 0.013605 -0.103340 1.994553 0.006968 -0.052926 2.993259
frame 26
point 0.000000 0.000000 0.000000
point -0.000000 0.000000 1.000000
point 0.053208 -0.198574 1.978641
point 0.029186 -0.108925 2.974324
segment 0.000000 0.000000 0.000000 -0.000000 0.000000 1.000000
segment -0.000000 0.000000 1.000000 0.053208 -0.198574 1.978641
segment 0.053208 -0.198574 1.978641 0.029186 -0.108925 2.974324
frame 27
point 0.000000 0.000000 0.000000
point -0.000000 0.000000 1.000000
point 0.115336 -0.278445 1.953502
point 0.070239 -0.169572 2.946534
segment 0.000000 0.000000 0.000000 -0.000000 0.000000 1.000000
segment -0.000000 0.000000 1.000000 0.115336 -0.278445 1.953502
segment 0.115336 -0.278445 1.953502 0.070239 -0.169572 2.946534
frame 28
point 0.000000 0.000000 0.000000
point -0.000000 0.000000 1.000000
point 0.194709 -0.337246 1.921061
point 0.135044 -0.233903 2.913916
segment 0.000000 0.000000 0.000000 -0.000000 0.000000 1.000000
segment -0.000000 0.000000 1.000000 0.194709 -0.337246 1.921061
segment 0.194709 -0.337246 1.921061 0.135044 -0.233903 2.913916
frame 29
point 0.000000 0.000000 0.000000
point -0.000000 0.000000 1.000000
point 0.284891 -0.371277 1.883736
point 0.228633 -0.297960 2.879457
segment 0.000000 0.000000 0.000000 -0.000000 0.000000 1.000000
segment -0.000000 0.000000 1.000000 0.284891 -0.371277 1.883736
segment 0.284891 -0.371277 1.883736 0.228633 -0.297960 2.879457
frame 30
point 0.000000 0.000000 0.000000
point -0.000000 0.000000 1.000000
point 0.379005 -0.379005 1.844221
point 0.354746 -0.354746 2.843633
segment 0.000000 0.000000 0.000000 -0.000000 0.000000 1.000000
segment -0.000000 0.000000 1.000000 0.379005 -0.379005 1.844221
segment 0.379005 -0.379005 1.844221 0.354746 -0.354746 2.843633
frame 31
point 0.000000 0.000000 0.000000
point -0.000000 0.000000 1.000000
point 0.470397 -0.360948 1.805260
point 0.514110 -0.394490 2.803741
segment 0.000000 0.000000 0.000000 -0.000000 0.000000 1.000000
segment -0.000000 0.000000 1.000000 0.470397 -0.360948 1.805260
segment 0.470397 -0.360948 1.805260 0.514110 -0.394490 2.803741
frame 32
point 0.000000 0.000000 0.000000
point -0.000000 0.000000 1.000000
point 0.553139 -0.319355 1.769448
point 0.702390 -0.405525 2.754485
segment 0.000000 0.000000 0.000000 -0.000000 0.000000 1.000000
segment -0.000000 0.000000 1.000000 0.553139 -0.319355 1.769448
segment 0.553139 -0.319355 1.769448 0.702390 -0.405525 2.754485
frame 33
point 0.000000 0.000000 0.000000
point -0.000000 0.000000 1.000000
point 0.622349 -0.257785 1.739073
point 0.908441 -0.376289 2.689919
segment 0.000000 0.000000 0.000000 -0.000000 0.000000 1.000000
segment -0.000000 0.000000 1.000000 0.622349 -0.257785 1.739073
segment 0.622349 -0.257785 1.739073 0.908441 -0.376289 2.689919
frame 34
point 0.000000 0.000000 0.000000
point -0.000000 0.000000 1.000000
point 0.674313 -0.180682 1.716000
point 1.114126 -0.298529 2.606324
segment 0.000000 0.000000 0.000000 -0.000000 0.000000 1.000000
segment -0.000000 0.000000 1.000000 0.674313 -0.180682 1.716000
segment 0.674313 -0.180682 1.716000 1.114126 -0.298529 2.606324
frame 35
point 0.000000 0.000000 0.000000
point -0.000000 0.000000 1.000000
point 0.706475 -0.093009 1.701600
point 1.296862 -0.170735 2.504969
segment 0.000000 0.000000 0.000000 -0.000000 0.000000 1.000000
segment -0.000000 0.000000 1.000000 0.706475 -0.093009 1.701600
segment 0.706475 -0.093009 1.701600 1.296862 -0.170735 2.504969
frame 36
point 0.000000 0.000000 0.000000
point -0.000000 0.000000 1.000000
point 0.717356 -0.000000 1.696707
point 1.434712 -0.000000 2.393413
segment 0.000000 0.000000 0.000000 -0.000000 0.000000 1.000000
segment -0.000000 0.000000 1.000000 0.717356 -0.000000 1.696707
segment 0.717356 -0.000000 1.696707 1.434712 -0.000000 2.393413
frame 37
point 0.000000 0.000000 0.000000
point -0.000000 0.000000 1.000000
point 0.706475 0.093009 1.701600
point 1.512035 0.199063 2.284545
segment 0.000000 0.000000 0.000000 -0.000000 0.000000 1.000000
segment -0.000000 0.000000 1.000000 0.706475 0.093009 1.701600
segment 0.706475 0.093009 1.701600 1.512035 0.199063 2.284545
frame 38
point 0.000000 0.000000 0.000000
point -0.000000 0.000000 1.000000
point 0.674313 0.180682 1.716000
point 1.522891 0.408058 2.193718
segment 0.000000 0.000000 0.000000 -0.000000 0.000000 1.000000
segment -0.000000 0.000000 1.000000 0.674313 0.180682 1.716000
segment 0.674313 0.180682 1.716000 1.522891 0.408058 2.193718
frame 39
point 0.000000 0.000000 0.000000
point -0.000000 0.000000 1.000000
point 0.622349 0.257785 1.739073
point 1.470602 0.609143 2.135322
segment 0.000000 0.000000 0.000000 -0.000000 0.000000 1.000000
segment -0.000000 0.000000 1.000000 0.622349 0.257785 1.739073
segment 0.622349 0.257785 1.739073 1.470602 0.609143 2.135322
frame 40
point 0.000000 0.000000 0.000000
point -0.000000 0.000000 1.000000
point 0.553139 0.319355 1.769448
point 1.364148 0.787591 2.120187
segment 0.000000 0.000000 0.000000 -0.000000 0.000000 1.000000
segment -0.000000 0.000000 1.000000 0.553139 0.319355 1.769448
segment 0.553139 0.319355 1.769448 1.364148 0.787591 2.120187
frame 41
point 0.000000 0.000000 0.000000
point -0.000000 0.000000 1.000000
point 0.470397 0.360948 1.805260
point 1.213851 0.931421 2.154311
segment 0.000000 0.000000 0.000000 -0.000000 0.000000 1.000000
segment -0.000000 0.000000 1.000000 0.470397 0.360948 1.805260
segment 0.470397 0.360948 1.805260 1.213851 0.931421 2.154311
frame 42
point 0.000000 0.000000 0.000000
point -0.000000 0.000000 1.000000
point 0.379005 0.379005 1.844221
point 1.028878 1.028878 2.238342
segment 0.000000 0.000000 0.000000 -0.000000 0.000000 1.000000
segment -0.000000 0.000000 1.000000 0.379005 0.379005 1.844221
segment 0.379005 0.379005 1.844221 1.028878 1.028878 2.238342
frame 43
point 0.000000 0.000000 0.000000
point -0.000000 0.000000 1.000000
point 0.284891 0.371277 1.883736
point 0.817890 1.065895 2.366871
segment 0.000000 0.000000 0.000000 -0.000000 0.000000 1.000000
segment -0.000000 0.000000 1.000000 0.284891 0.371277 1.883736
segment 0.284891 0.371277 1.883736 0.817890 1.065895 2.366871
frame 44
point 0.000000 0.000000 0.000000
point -0.000000 0.000000 1.000000
point 0.194709 0.337246 1.921061
point 0.592393 1.026055 2.527187
segment 0.000000 0.000000 0.000000 -0.000000 0.000000 1.000000
segment -0.000000 0.000000 1.000000 0.194709 0.337246 1.921061
segment 0.194709 0.337246 1.921061 0.592393 1.026055 2.527187
frame 45
point 0.000000 0.000000 0.000000
point -0.000000 0.000000 1.000000
point 0.115336 0.278445 1.953502
point 0.370653 0.894835 2.698402
segment 0.000000 0.000000 0.000000 -0.000000 0.000000 1.000000
segment -0.000000 0.000000 1.000000 0.115336 0.278445 1.953502
segment 0.115336 0.278445 1.953502 0.370653 0.894835 2.698402
frame 46
point 0.000000 0.000000 0.000000
point -0.000000 0.000000 1.000000
point 0.053208 0.198574 1.978641
point 0.178892 0.667633 2.852819
segment 0.000000 0.000000 0.000000 -0.000000 0.000000 1.000000
segment -0.000000 0.000000 1.000000 0.053208 0.198574 1.978641
segment 0.053208 0.198574 1.978641 0.178892 0.667633 2.852819
frame 47
point 0.000000 0.000000 0.000000
point -0.000000 0.000000 1.000000
point 0.013605 0.103340 1.994553
point 0.047124 0.357945 2.961017
segment 0.000000 0.000000 0.000000 -0.000000 0.000000 1.000000
segment -0.000000 0.000000 1.000000 0.013605 0.103340 1.994553
segment 0.013605 0.103340 1.994553 0.047124 0.357945 2.961017
