# geoalg animate figure
frame 0
segment 0.0000 0.0000 2.0000 0.0000 0.0000 1.8000
segment 0.0000 0.0000 1.8000 0.0000 0.0000 1.5000
segment 0.0000 0.0000 1.5000 0.0000 0.0000 1.0000
segment 0.0000 0.0000 1.0000 -0.3500 0.0000 0.0000
segment 0.0000 0.0000 1.0000 0.3500 0.0000 0.0000
segment 0.0000 0.0000 1.5000 -0.5000 0.0000 0.3000
segment 0.0000 0.0000 1.5000 0.5000 0.0000 0.3000
point 0.0000 0.0000 2.0000
point 0.0000 0.0000 1.8000
point 0.0000 0.0000 1.5000
point 0.0000 0.0000 1.0000
point -0.3500 0.0000 0.0000
point 0.3500 0.0000 0.0000
point -0.5000 0.0000 0.3000
point 0.5000 0.0000 0.3000
frame 1
segment 0.0000 0.0000 2.0000 0.0000 0.0000 1.8000
segment 0.0000 0.0000 1.8000 0.0000 0.0000 1.5000
segment 0.0000 0.0000 1.5000 0.0000 0.0000 1.0000
segment 0.0000 0.0000 1.0000 -0.3500 0.0000 0.0000
segment 0.0000 0.0000 1.0000 0.3500 0.0000 0.0000
segment 0.0000 0.0000 1.5000 -0.5040 0.0000 0.3017
segment 0.0000 0.0000 1.5000 0.5089 0.0000 0.3037
point 0.0000 0.0000 2.0000
point 0.0000 0.0000 1.8000
point 0.0000 0.0000 1.5000
point 0.0000 0.0000 1.0000
point -0.3500 0.0000 0.0000
point 0.3500 0.0000 0.0000
point -0.5040 0.0000 0.3017
point 0.5089 0.0000 0.3037
frame 2
segment 0.0000 0.0000 2.0000 0.0000 0.0000 1.8000
segment 0.0000 0.0000 1.8000 0.0000 0.0000 1.5000
segment 0.0000 0.0000 1.5000 0.0000 0.0000 1.0000
segment 0.0000 0.0000 1.0000 -0.3500 0.0000 0.0000
segment 0.0000 0.0000 1.0000 0.3500 0.0000 0.0000
segment 0.0000 0.0000 1.5000 -0.5160 0.0000 0.3068
segment 0.0000 0.0000 1.5000 0.5351 0.0000 0.3152
point 0.0000 0.0000 2.0000
point 0.0000 0.0000 1.8000
point 0.0000 0.0000 1.5000
point 0.0000 0.0000 1.0000
point -0.3500 0.0000 0.0000
point 0.3500 0.0000 0.0000
point -0.5160 0.0000 0.3068
point 0.5351 0.0000 0.3152
frame 3
segment 0.0000 0.0000 2.0000 0.0000 0.0000 1.8000
segment 0.0000 0.0000 1.8000 0.0000 0.0000 1.5000
segment 0.0000 0.0000 1.5000 0.0000 0.0000 1.0000
segment 0.0000 0.0000 1.0000 -0.3500 0.0000 0.0000
segment 0.0000 0.0000 1.0000 0.3500 0.0000 0.0000
segment 0.0000 0.0000 1.5000 -0.5356 0.0000 0.3155
segment 0.0000 0.0000 1.5000 0.5778 0.0000 0.3355
point 0.0000 0.0000 2.0000
point 0.0000 0.0000 1.8000
point 0.0000 0.0000 1.5000
point 0.0000 0.0000 1.0000
point -0.3500 0.0000 0.0000
point 0.3500 0.0000 0.0000
point -0.5356 0.0000 0.3155
point 0.5778 0.0000 0.3355
frame 4
segment 0.0000 0.0000 2.0000 0.0000 0.0000 1.8000
segment 0.0000 0.0000 1.8000 0.0000 0.0000 1.5000
segment 0.0000 0.0000 1.5000 0.0000 0.0000 1.0000
segment 0.0000 0.0000 1.0000 -0.3500 0.0000 0.0000
segment 0.0000 0.0000 1.0000 0.3500 0.0000 0.0000
segment 0.0000 0.0000 1.5000 -0.5624 0.0000 0.3280
segment 0.0000 0.0000 1.5000 0.6352 0.0000 0.3658
point 0.0000 0.0000 2.0000
point 0.0000 0.0000 1.8000
point 0.0000 0.0000 1.5000
point 0.0000 0.0000 1.0000
point -0.3500 0.0000 0.0000
point 0.3500 0.0000 0.0000
point -0.5624 0.0000 0.3280
point 0.6352 0.0000 0.3658
frame 5
segment 0.0000 0.0000 2.0000 0.0000 0.0000 1.8000
segment 0.0000 0.0000 1.8000 0.0000 0.0000 1.5000
segment 0.0000 0.0000 1.5000 0.0000 0.0000 1.0000
segment 0.0000 0.0000 1.0000 -0.3500 0.0000 0.0000
segment 0.0000 0.0000 1.0000 0.3500 0.0000 0.0000
segment 0.0000 0.0000 1.5000 -0.5956 0.0000 0.3445
segment 0.0000 0.0000 1.5000 0.7052 0.0000 0.4079
point 0.0000 0.0000 2.0000
point 0.0000 0.0000 1.8000
point 0.0000 0.0000 1.5000
point 0.0000 0.0000 1.0000
point -0.3500 0.0000 0.0000
point 0.3500 0.0000 0.0000
point -0.5956 0.0000 0.3445
point 0.7052 0.0000 0.4079
frame 6
segment 0.0000 0.0000 2.0000 0.0000 0.0000 1.8000
segment 0.0000 0.0000 1.8000 0.0000 0.0000 1.5000
segment 0.0000 0.0000 1.5000 0.0000 0.0000 1.0000
segment 0.0000 0.0000 1.0000 -0.3500 0.0000 0.0000
segment 0.0000 0.0000 1.0000 0.3500 0.0000 0.0000
segment 0.0000 0.0000 1.5000 -0.6344 0.0000 0.3653
segment 0.0000 0.0000 1.5000 0.7845 0.0000 0.4634
point 0.0000 0.0000 2.0000
point 0.0000 0.0000 1.8000
point 0.0000 0.0000 1.5000
point 0.0000 0.0000 1.0000
point -0.3500 0.0000 0.0000
point 0.3500 0.0000 0.0000
point -0.6344 0.0000 0.3653
point 0.7845 0.0000 0.4634
frame 7
segment 0.0000 0.0000 2.0000 0.0000 0.0000 1.8000
segment 0.0000 0.0000 1.8000 0.0000 0.0000 1.5000
segment 0.0000 0.0000 1.5000 0.0000 0.0000 1.0000
segment 0.0000 0.0000 1.0000 -0.3500 0.0000 0.0000
segment 0.0000 0.0000 1.0000 0.3500 0.0000 0.0000
segment 0.0000 0.0000 1.5000 -0.6778 0.0000 0.3907
segment 0.0000 0.0000 1.5000 0.8696 0.0000 0.5337
point 0.0000 0.0000 2.0000
point 0.0000 0.0000 1.8000
point 0.0000 0.0000 1.5000
point 0.0000 0.0000 1.0000
point -0.3500 0.0000 0.0000
point 0.3500 0.0000 0.0000
point -0.6778 0.0000 0.3907
point 0.8696 0.0000 0.5337
frame 8
segment 0.0000 0.0000 2.0000 0.0000 0.0000 1.8000
segment 0.0000 0.0000 1.8000 0.0000 0.0000 1.5000
segment 0.0000 0.0000 1.5000 0.0000 0.0000 1.0000
segment 0.0000 0.0000 1.0000 -0.3500 0.0000 0.0000
segment 0.0000 0.0000 1.0000 0.3500 0.0000 0.0000
segment 0.0000 0.0000 1.5000 -0.7245 0.0000 0.4206
segment 0.0000 0.0000 1.5000 0.9565 0.0000 0.6196
point 0.0000 0.0000 2.0000
point 0.0000 0.0000 1.8000
point 0.0000 0.0000 1.5000
point 0.0000 0.0000 1.0000
point -0.3500 0.0000 0.0000
point 0.3500 0.0000 0.0000
point -0.7245 0.0000 0.4206
point 0.9565 0.0000 0.6196
frame 9
segment 0.0000 0.0000 2.0000 0.0000 0.0000 1.8000
segment 0.0000 0.0000 1.8000 0.0000 0.0000 1.5000
segment 0.0000 0.0000 1.5000 0.0000 0.0000 1.0000
segment 0.0000 0.0000 1.0000 -0.3500 0.0000 0.0000
segment 0.0000 0.0000 1.0000 0.3500 0.0000 0.0000
segment 0.0000 0.0000 1.5000 -0.7734 0.0000 0.4551
segment 0.0000 0.0000 1.5000 1.0406 0.0000 0.7209
point 0.0000 0.0000 2.0000
point 0.0000 0.0000 1.8000
point 0.0000 0.0000 1.5000
point 0.0000 0.0000 1.0000
point -0.3500 0.0000 0.0000
point 0.3500 0.0000 0.0000
point -0.7734 0.0000 0.4551
point 1.0406 0.0000 0.7209
frame 10
segment 0.0000 0.0000 2.0000 0.0000 0.0000 1.8000
segment 0.0000 0.0000 1.8000 0.0000 0.0000 1.5000
segment 0.0000 0.0000 1.5000 0.0000 0.0000 1.0000
segment 0.0000 0.0000 1.0000 -0.3500 0.0000 0.0000
segment 0.0000 0.0000 1.0000 0.3500 0.0000 0.0000
segment 0.0000 0.0000 1.5000 -0.8233 0.0000 0.4940
segment 0.0000 0.0000 1.5000 1.1179 0.0000 0.8365
point 0.0000 0.0000 2.0000
point 0.0000 0.0000 1.8000
point 0.0000 0.0000 1.5000
point 0.0000 0.0000 1.0000
point -0.3500 0.0000 0.0000
point 0.3500 0.0000 0.0000
point -0.8233 0.0000 0.4940
point 1.1179 0.0000 0.8365
frame 11
segment 0.0000 0.0000 2.0000 0.0000 0.0000 1.8000
segment 0.0000 0.0000 1.8000 0.0000 0.0000 1.5000
segment 0.0000 0.0000 1.5000 0.0000 0.0000 1.0000
segment 0.0000 0.0000 1.0000 -0.3500 0.0000 0.0000
segment 0.0000 0.0000 1.0000 0.3500 0.0000 0.0000
segment 0.0000 0.0000 1.5000 -0.8730 0.0000 0.5367
segment 0.0000 0.0000 1.5000 1.1844 0.0000 0.9642
point 0.0000 0.0000 2.0000
point 0.0000 0.0000 1.8000
point 0.0000 0.0000 1.5000
point 0.0000 0.0000 1.0000
point -0.3500 0.0000 0.0000
point 0.3500 0.0000 0.0000
point -0.8730 0.0000 0.5367
point 1.1844 0.0000 0.9642
frame 12
segment 0.0000 0.0000 2.0000 0.0000 0.0000 1.8000
segment 0.0000 0.0000 1.8000 0.0000 0.0000 1.5000
segment 0.0000 0.0000 1.5000 0.0000 0.0000 1.0000
segment 0.0000 0.0000 1.0000 -0.3500 0.0000 0.0000
segment 0.0000 0.0000 1.0000 0.3500 0.0000 0.0000
segment 0.0000 0.0000 1.5000 -0.9212 0.0000 0.5827
segment 0.0000 0.0000 1.5000 1.2372 0.0000 1.1009
point 0.0000 0.0000 2.0000
point 0.0000 0.0000 1.8000
point 0.0000 0.0000 1.5000
point 0.0000 0.0000 1.0000
point -0.3500 0.0000 0.0000
point 0.3500 0.0000 0.0000
point -0.9212 0.0000 0.5827
point 1.2372 0.0000 1.1009
frame 13
segment 0.0000 0.0000 2.0000 0.0000 0.0000 1.8000
segment 0.0000 0.0000 1.8000 0.0000 0.0000 1.5000
segment 0.0000 0.0000 1.5000 0.0000 0.0000 1.0000
segment 0.0000 0.0000 1.0000 -0.3500 0.0000 0.0000
segment 0.0000 0.0000 1.0000 0.3500 0.0000 0.0000
segment 0.0000 0.0000 1.5000 -0.9669 0.0000 0.6311
segment 0.0000 0.0000 1.5000 1.2743 0.0000 1.2426
point 0.0000 0.0000 2.0000
point 0.0000 0.0000 1.8000
point 0.0000 0.0000 1.5000
point 0.0000 0.0000 1.0000
point -0.3500 0.0000 0.0000
point 0.3500 0.0000 0.0000
point -0.9669 0.0000 0.6311
point 1.2743 0.0000 1.2426
frame 14
segment 0.0000 0.0000 2.0000 0.0000 0.0000 1.8000
segment 0.0000 0.0000 1.8000 0.0000 0.0000 1.5000
segment 0.0000 0.0000 1.5000 0.0000 0.0000 1.0000
segment 0.0000 0.0000 1.0000 -0.3500 0.0000 0.0000
segment 0.0000 0.0000 1.0000 0.3500 0.0000 0.0000
segment 0.0000 0.0000 1.5000 -1.0095 0.0000 0.6809
segment 0.0000 0.0000 1.5000 1.2949 0.0000 1.3851
point 0.0000 0.0000 2.0000
point 0.0000 0.0000 1.8000
point 0.0000 0.0000 1.5000
point 0.0000 0.0000 1.0000
point -0.3500 0.0000 0.0000
point 0.3500 0.0000 0.0000
point -1.0095 0.0000 0.6809
point 1.2949 0.0000 1.3851
frame 15
segment 0.0000 0.0000 2.0000 0.0000 0.0000 1.8000
segment 0.0000 0.0000 1.8000 0.0000 0.0000 1.5000
segment 0.0000 0.0000 1.5000 0.0000 0.0000 1.0000
segment 0.0000 0.0000 1.0000 -0.3500 0.0000 0.0000
segment 0.0000 0.0000 1.0000 0.3500 0.0000 0.0000
segment 0.0000 0.0000 1.5000 -1.0481 0.0000 0.7309
segment 0.0000 0.0000 1.5000 1.2998 0.0000 1.5241
point 0.0000 0.0000 2.0000
point 0.0000 0.0000 1.8000
point 0.0000 0.0000 1.5000
point 0.0000 0.0000 1.0000
point -0.3500 0.0000 0.0000
point 0.3500 0.0000 0.0000
point -1.0481 0.0000 0.7309
point 1.2998 0.0000 1.5241
frame 16
segment 0.0000 0.0000 2.0000 0.0000 0.0000 1.8000
segment 0.0000 0.0000 1.8000 0.0000 0.0000 1.5000
segment 0.0000 0.0000 1.5000 0.0000 0.0000 1.0000
segment 0.0000 0.0000 1.0000 -0.3500 0.0000 0.0000
segment 0.0000 0.0000 1.0000 0.3500 0.0000 0.0000
segment 0.0000 0.0000 1.5000 -1.0824 0.0000 0.7800
segment 0.0000 0.0000 1.5000 1.2907 0.0000 1.6555
point 0.0000 0.0000 2.0000
point 0.0000 0.0000 1.8000
point 0.0000 0.0000 1.5000
point 0.0000 0.0000 1.0000
point -0.3500 0.0000 0.0000
point 0.3500 0.0000 0.0000
point -1.0824 0.0000 0.7800
point 1.2907 0.0000 1.6555
frame 17
segment 0.0000 0.0000 2.0000 0.0000 0.0000 1.8000
segment 0.0000 0.0000 1.8000 0.0000 0.0000 1.5000
segment 0.0000 0.0000 1.5000 0.0000 0.0000 1.0000
segment 0.0000 0.0000 1.0000 -0.3500 0.0000 0.0000
segment 0.0000 0.0000 1.0000 0.3500 0.0000 0.0000
segment 0.0000 0.0000 1.5000 -1.1122 0.0000 0.8269
segment 0.0000 0.0000 1.5000 1.2704 0.0000 1.7759
point 0.0000 0.0000 2.0000
point 0.0000 0.0000 1.8000
point 0.0000 0.0000 1.5000
point 0.0000 0.0000 1.0000
point -0.3500 0.0000 0.0000
point 0.3500 0.0000 0.0000
point -1.1122 0.0000 0.8269
point 1.2704 0.0000 1.7759
frame 18
segment 0.0000 0.0000 2.0000 0.0000 0.0000 1.8000
segment 0.0000 0.0000 1.8000 0.0000 0.0000 1.5000
segment 0.0000 0.0000 1.5000 0.0000 0.0000 1.0000
segment 0.0000 0.0000 1.0000 -0.3500 0.0000 0.0000
segment 0.0000 0.0000 1.0000 0.3500 0.0000 0.0000
segment 0.0000 0.0000 1.5000 -1.1373 0.0000 0.8703
segment 0.0000 0.0000 1.5000 1.2424 0.0000 1.8827
point 0.0000 0.0000 2.0000
point 0.0000 0.0000 1.8000
point 0.0000 0.0000 1.5000
point 0.0000 0.0000 1.0000
point -0.3500 0.0000 0.0000
point 0.3500 0.0000 0.0000
point -1.1373 0.0000 0.8703
point 1.2424 0.0000 1.8827
frame 19
segment 0.0000 0.0000 2.0000 0.0000 0.0000 1.8000
segment 0.0000 0.0000 1.8000 0.0000 0.0000 1.5000
segment 0.0000 0.0000 1.5000 0.0000 0.0000 1.0000
segment 0.0000 0.0000 1.0000 -0.3500 0.0000 0.0000
segment 0.0000 0.0000 1.0000 0.3500 0.0000 0.0000
segment 0.0000 0.0000 1.5000 -1.1580 0.0000 0.9092
segment 0.0000 0.0000 1.5000 1.2104 0.0000 1.9741
point 0.0000 0.0000 2.0000
point 0.0000 0.0000 1.8000
point 0.0000 0.0000 1.5000
point 0.0000 0.0000 1.0000
point -0.3500 0.0000 0.0000
point 0.3500 0.0000 0.0000
point -1.1580 0.0000 0.9092
point 1.2104 0.0000 1.9741
frame 20
segment 0.0000 0.0000 2.0000 0.0000 0.0000 1.8000
segment 0.0000 0.0000 1.8000 0.0000 0.0000 1.5000
segment 0.0000 0.0000 1.5000 0.0000 0.0000 1.0000
segment 0.0000 0.0000 1.0000 -0.3500 0.0000 0.0000
segment 0.0000 0.0000 1.0000 0.3500 0.0000 0.0000
segment 0.0000 0.0000 1.5000 -1.1744 0.0000 0.9425
segment 0.0000 0.0000 1.5000 1.1783 0.0000 2.0492
point 0.0000 0.0000 2.0000
point 0.0000 0.0000 1.8000
point 0.0000 0.0000 1.5000
point 0.0000 0.0000 1.0000
point -0.3500 0.0000 0.0000
point 0.3500 0.0000 0.0000
point -1.1744 0.0000 0.9425
point 1.1783 0.0000 2.0492
frame 21
segment 0.0000 0.0000 2.0000 0.0000 0.0000 1.8000
segment 0.0000 0.0000 1.8000 0.0000 0.0000 1.5000
segment 0.0000 0.0000 1.5000 0.0000 0.0000 1.0000
segment 0.0000 0.0000 1.0000 -0.3500 0.0000 0.0000
segment 0.0000 0.0000 1.0000 0.3500 0.0000 0.0000
segment 0.0000 0.0000 1.5000 -1.1868 0.0000 0.9693
segment 0.0000 0.0000 1.5000 1.1494 0.0000 2.1073
point 0.0000 0.0000 2.0000
point 0.0000 0.0000 1.8000
point 0.0000 0.0000 1.5000
point 0.0000 0.0000 1.0000
point -0.3500 0.0000 0.0000
point 0.3500 0.0000 0.0000
point -1.1868 0.0000 0.9693
point 1.1494 0.0000 2.1073
frame 22
segment 0.0000 0.0000 2.0000 0.0000 0.0000 1.8000
segment 0.0000 0.0000 1.8000 0.0000 0.0000 1.5000
segment 0.0000 0.0000 1.5000 0.0000 0.0000 1.0000
segment 0.0000 0.0000 1.0000 -0.3500 0.0000 0.0000
segment 0.0000 0.0000 1.0000 0.3500 0.0000 0.0000
segment 0.0000 0.0000 1.5000 -1.1954 0.0000 0.9890
segment 0.0000 0.0000 1.5000 1.1266 0.0000 2.1487
point 0.0000 0.0000 2.0000
point 0.0000 0.0000 1.8000
point 0.0000 0.0000 1.5000
point 0.0000 0.0000 1.0000
point -0.3500 0.0000 0.0000
point 0.3500 0.0000 0.0000
point -1.1954 0.0000 0.9890
point 1.1266 0.0000 2.1487
frame 23
segment 0.0000 0.0000 2.0000 0.0000 0.0000 1.8000
segment 0.0000 0.0000 1.8000 0.0000 0.0000 1.5000
segment 0.0000 0.0000 1.5000 0.0000 0.0000 1.0000
segment 0.0000 0.0000 1.0000 -0.3500 0.0000 0.0000
segment 0.0000 0.0000 1.0000 0.3500 0.0000 0.0000
segment 0.0000 0.0000 1.5000 -1.2004 0.0000 1.0010
segment 0.0000 0.0000 1.5000 1.1120 0.0000 2.1734
point 0.0000 0.0000 2.0000
point 0.0000 0.0000 1.8000
point 0.0000 0.0000 1.5000
point 0.0000 0.0000 1.0000
point -0.3500 0.0000 0.0000
point 0.3500 0.0000 0.0000
point -1.2004 0.0000 1.0010
point 1.1120 0.0000 2.1734
frame 24
segment 0.0000 0.0000 2.0000 0.0000 0.0000 1.8000
segment 0.0000 0.0000 1.8000 0.0000 0.0000 1.5000
segment 0.0000 0.0000 1.5000 0.0000 0.0000 1.0000
segment 0.0000 0.0000 1.0000 -0.3500 0.0000 0.0000
segment 0.0000 0.0000 1.0000 0.3500 0.0000 0.0000
segment 0.0000 0.0000 1.5000 -1.2021 0.0000 1.0050
segment 0.0000 0.0000 1.5000 1.1070 0.0000 2.1816
point 0.0000 0.0000 2.0000
point 0.0000 0.0000 1.8000
point 0.0000 0.0000 1.5000
point 0.0000 0.0000 1.0000
point -0.3500 0.0000 0.0000
point 0.3500 0.0000 0.0000
point -1.2021 0.0000 1.0050
point 1.1070 0.0000 2.1816
frame 25
segment 0.0000 0.0000 2.0000 0.0000 0.0000 1.8000
segment 0.0000 0.0000 1.8000 0.0000 0.0000 1.5000
segment 0.0000 0.0000 1.5000 0.0000 0.0000 1.0000
segment 0.0000 0.0000 1.0000 -0.3500 0.0000 0.0000
segment 0.0000 0.0000 1.0000 0.3500 0.0000 0.0000
segment 0.0000 0.0000 1.5000 -1.2004 0.0000 1.0010
segment 0.0000 0.0000 1.5000 1.1120 0.0000 2.1734
point 0.0000 0.0000 2.0000
point 0.0000 0.0000 1.8000
point 0.0000 0.0000 1.5000
point 0.0000 0.0000 1.0000
point -0.3500 0.0000 0.0000
point 0.3500 0.0000 0.0000
point -1.2004 0.0000 1.0010
point 1.1120 0.0000 2.1734
frame 26
segment 0.0000 0.0000 2.0000 0.0000 0.0000 1.8000
segment 0.0000 0.0000 1.8000 0.0000 0.0000 1.5000
segment 0.0000 0.0000 1.5000 0.0000 0.0000 1.0000
segment 0.0000 0.0000 1.0000 -0.3500 0.0000 0.0000
segment 0.0000 0.0000 1.0000 0.3500 0.0000 0.0000
segment 0.0000 0.0000 1.5000 -1.1954 0.0000 0.9890
segment 0.0000 0.0000 1.5000 1.1266 0.0000 2.1487
point 0.0000 0.0000 2.0000
point 0.0000 0.0000 1.8000
point 0.0000 0.0000 1.5000
point 0.0000 0.0000 1.0000
point -0.3500 0.0000 0.0000
point 0.3500 0.0000 0.0000
point -1.1954 0.0000 0.9890
point 1.1266 0.0000 2.1487
frame 27
segment 0.0000 0.0000 2.0000 0.0000 0.0000 1.8000
segment 0.0000 0.0000 1.8000 0.0000 0.0000 1.5000
segment 0.0000 0.0000 1.5000 0.0000 0.0000 1.0000
segment 0.0000 0.0000 1.0000 -0.3500 0.0000 0.0000
segment 0.0000 0.0000 1.0000 0.3500 0.0000 0.0000
segment 0.0000 0.0000 1.5000 -1.1868 0.0000 0.9693
segment 0.0000 0.0000 1.5000 1.1494 0.0000 2.1073
point 0.0000 0.0000 2.0000
point 0.0000 0.0000 1.8000
point 0.0000 0.0000 1.5000
point 0.0000 0.0000 1.0000
point -0.3500 0.0000 0.0000
point 0.3500 0.0000 0.0000
point -1.1868 0.0000 0.9693
point 1.1494 0.0000 2.1073
frame 28
segment 0.0000 0.0000 2.0000 0.0000 0.0000 1.8000
segment 0.0000 0.0000 1.8000 0.0000 0.0000 1.5000
segment 0.0000 0.0000 1.5000 0.0000 0.0000 1.0000
segment 0.0000 0.0000 1.0000 -0.3500 0.0000 0.0000
segment 0.0000 0.0000 1.0000 0.3500 0.0000 0.0000
segment 0.0000 0.0000 1.5000 -1.1744 0.0000 0.9425
segment 0.0000 0.0000 1.5000 1.1783 0.0000 2.0492
point 0.0000 0.0000 2.0000
point 0.0000 0.0000 1.8000
point 0.0000 0.0000 1.5000
point 0.0000 0.0000 1.0000
point -0.3500 0.0000 0.0000
point 0.3500 0.0000 0.0000
point -1.1744 0.0000 0.9425
point 1.1783 0.0000 2.0492
frame 29
segment 0.0000 0.0000 2.0000 0.0000 0.0000 1.8000
segment 0.0000 0.0000 1.8000 0.0000 0.0000 1.5000
segment 0.0000 0.0000 1.5000 0.0000 0.0000 1.0000
segment 0.0000 0.0000 1.0000 -0.3500 0.0000 0.0000
segment 0.0000 0.0000 1.0000 0.3500 0.0000 0.0000
segment 0.0000 0.0000 1.5000 -1.1580 0.0000 0.9092
segment 0.0000 0.0000 1.5000 1.2104 0.0000 1.9741
point 0.0000 0.0000 2.0000
point 0.0000 0.0000 1.8000
point 0.0000 0.0000 1.5000
point 0.0000 0.0000 1.0000
point -0.3500 0.0000 0.0000
point 0.3500 0.0000 0.0000
point -1.1580 0.0000 0.9092
point 1.2104 0.0000 1.9741
frame 30
segment 0.0000 0.0000 2.0000 0.0000 0.0000 1.8000
segment 0.0000 0.0000 1.8000 0.0000 0.0000 1.5000
segment 0.0000 0.0000 1.5000 0.0000 0.0000 1.0000
segment 0.0000 0.0000 1.0000 -0.3500 0.0000 0.0000
segment 0.0000 0.0000 1.0000 0.3500 0.0000 0.0000
segment 0.0000 0.0000 1.5000 -1.1373 0.0000 0.8703
segment 0.0000 0.0000 1.5000 1.2424 0.0000 1.8827
point 0.0000 0.0000 2.0000
point 0.0000 0.0000 1.8000
point 0.0000 0.0000 1.5000
point 0.0000 0.0000 1.0000
point -0.3500 0.0000 0.0000
point 0.3500 0.0000 0.0000
point -1.1373 0.0000 0.8703
point 1.2424 0.0000 1.8827
frame 31
segment 0.0000 0.0000 2.0000 0.0000 0.0000 1.8000
segment 0.0000 0.0000 1.8000 0.0000 0.0000 1.5000
segment 0.0000 0.0000 1.5000 0.0000 0.0000 1.0000
segment 0.0000 0.0000 1.0000 -0.3500 0.0000 0.0000
segment 0.0000 0.0000 1.0000 0.3500 0.0000 0.0000
segment 0.0000 0.0000 1.5000 -1.1122 0.0000 0.8269
segment 0.0000 0.0000 1.5000 1.2704 0.0000 1.7759
point 0.0000 0.0000 2.0000
point 0.0000 0.0000 1.8000
point 0.0000 0.0000 1.5000
point 0.0000 0.0000 1.0000
point -0.3500 0.0000 0.0000
point 0.3500 0.0000 0.0000
point -1.1122 0.0000 0.8269
point 1.2704 0.0000 1.7759
frame 32
segment 0.0000 0.0000 2.0000 0.0000 0.0000 1.8000
segment 0.0000 0.0000 1.8000 0.0000 0.0000 1.5000
segment 0.0000 0.0000 1.5000 0.0000 0.0000 1.0000
segment 0.0000 0.0000 1.0000 -0.3500 0.0000 0.0000
segment 0.0000 0.0000 1.0000 0.3500 0.0000 0.0000
segment 0.0000 0.0000 1.5000 -1.0824 0.0000 0.7800
segment 0.0000 0.0000 1.5000 1.2907 0.0000 1.6555
point 0.0000 0.0000 2.0000
point 0.0000 0.0000 1.8000
point 0.0000 0.0000 1.5000
point 0.0000 0.0000 1.0000
point -0.3500 0.0000 0.0000
point 0.3500 0.0000 0.0000
point -1.0824 0.0000 0.7800
point 1.2907 0.0000 1.6555
frame 33
segment 0.0000 0.0000 2.0000 0.0000 0.0000 1.8000
segment 0.0000 0.0000 1.8000 0.0000 0.0000 1.5000
segment 0.0000 0.0000 1.5000 0.0000 0.0000 1.0000
segment 0.0000 0.0000 1.0000 -0.3500 0.0000 0.0000
segment 0.0000 0.0000 1.0000 0.3500 0.0000 0.0000
segment 0.0000 0.0000 1.5000 -1.0481 0.0000 0.7309
segment 0.0000 0.0000 1.5000 1.2998 0.0000 1.5241
point 0.0000 0.0000 2.0000
point 0.0000 0.0000 1.8000
point 0.0000 0.0000 1.5000
point 0.0000 0.0000 1.0000
point -0.3500 0.0000 0.0000
point 0.3500 0.0000 0.0000
point -1.0481 0.0000 0.7309
point 1.2998 0.0000 1.5241
frame 34
segment 0.0000 0.0000 2.0000 0.0000 0.0000 1.8000
segment 0.0000 0.0000 1.8000 0.0000 0.0000 1.5000
segment 0.0000 0.0000 1.5000 0.0000 0.0000 1.0000
segment 0.0000 0.0000 1.0000 -0.3500 0.0000 0.0000
segment 0.0000 0.0000 1.0000 0.3500 0.0000 0.0000
segment 0.0000 0.0000 1.5000 -1.0095 0.0000 0.6809
segment 0.0000 0.0000 1.5000 1.2949 0.0000 1.3851
point 0.0000 0.0000 2.0000
point 0.0000 0.0000 1.8000
point 0.0000 0.0000 1.5000
point 0.0000 0.0000 1.0000
point -0.3500 0.0000 0.0000
point 0.3500 0.0000 0.0000
point -1.0095 0.0000 0.6809
point 1.2949 0.0000 1.3851
frame 35
segment 0.0000 0.0000 2.0000 0.0000 0.0000 1.8000
segment 0.0000 0.0000 1.8000 0.0000 0.0000 1.5000
segment 0.0000 0.0000 1.5000 0.0000 0.0000 1.0000
segment 0.0000 0.0000 1.0000 -0.3500 0.0000 0.0000
segment 0.0000 0.0000 1.0000 0.3500 0.0000 0.0000
segment 0.0000 0.0000 1.5000 -0.9669 0.0000 0.6311
segment 0.0000 0.0000 1.5000 1.2743 0.0000 1.2426
point 0.0000 0.0000 2.0000
point 0.0000 0.0000 1.8000
point 0.0000 0.0000 1.5000
point 0.0000 0.0000 1.0000
point -0.3500 0.0000 0.0000
point 0.3500 0.0000 0.0000
point -0.9669 0.0000 0.6311
point 1.2743 0.0000 1.2426
frame 36
segment 0.0000 0.0000 2.0000 0.0000 0.0000 1.8000
segment 0.0000 0.0000 1.8000 0.0000 0.0000 1.5000
segment 0.0000 0.0000 1.5000 0.0000 0.0000 1.0000
segment 0.0000 0.0000 1.0000 -0.3500 0.0000 0.0000
segment 0.0000 0.0000 1.0000 0.3500 0.0000 0.0000
segment 0.0000 0.0000 1.5000 -0.9212 0.0000 0.5827
segment 0.0000 0.0000 1.5000 1.2372 0.0000 1.1009
point 0.0000 0.0000 2.0000
point 0.0000 0.0000 1.8000
point 0.0000 0.0000 1.5000
point 0.0000 0.0000 1.0000
point -0.3500 0.0000 0.0000
point 0.3500 0.0000 0.0000
point -0.9212 0.0000 0.5827
point 1.2372 0.0000 1.1009
frame 37
segment 0.0000 0.0000 2.0000 0.0000 0.0000 1.8000
segment 0.0000 0.0000 1.8000 0.0000 0.0000 1.5000
segment 0.0000 0.0000 1.5000 0.0000 0.0000 1.0000
segment 0.0000 0.0000 1.0000 -0.3500 0.0000 0.0000
segment 0.0000 0.0000 1.0000 0.3500 0.0000 0.0000
segment 0.0000 0.0000 1.5000 -0.8730 0.0000 0.5367
segment 0.0000 0.0000 1.5000 1.1844 0.0000 0.9642
point 0.0000 0.0000 2.0000
point 0.0000 0.0000 1.8000
point 0.0000 0.0000 1.5000
point 0.0000 0.0000 1.0000
point -0.3500 0.0000 0.0000
point 0.3500 0.0000 0.0000
point -0.8730 0.0000 0.5367
point 1.1844 0.0000 0.9642
frame 38
segment 0.0000 0.0000 2.0000 0.0000 0.0000 1.8000
segment 0.0000 0.0000 1.8000 0.0000 0.0000 1.5000
segment 0.0000 0.0000 1.5000 0.0000 0.0000 1.0000
segment 0.0000 0.0000 1.0000 -0.3500 0.0000 0.0000
segment 0.0000 0.0000 1.0000 0.3500 0.0000 0.0000
segment 0.0000 0.0000 1.5000 -0.8233 0.0000 0.4940
segment 0.0000 0.0000 1.5000 1.1179 0.0000 0.8365
point 0.0000 0.0000 2.0000
point 0.0000 0.0000 1.8000
point 0.0000 0.0000 1.5000
point 0.0000 0.0000 1.0000
point -0.3500 0.0000 0.0000
point 0.3500 0.0000 0.0000
point -0.8233 0.0000 0.4940
point 1.1179 0.0000 0.8365
frame 39
segment 0.0000 0.0000 2.0000 0.0000 0.0000 1.8000
segment 0.0000 0.0000 1.8000 0.0000 0.0000 1.5000
segment 0.0000 0.0000 1.5000 0.0000 0.0000 1.0000
segment 0.0000 0.0000 1.0000 -0.3500 0.0000 0.0000
segment 0.0000 0.0000 1.0000 0.3500 0.0000 0.0000
segment 0.0000 0.0000 1.5000 -0.7734 0.0000 0.4551
segment 0.0000 0.0000 1.5000 1.0406 0.0000 0.7209
point 0.0000 0.0000 2.0000
point 0.0000 0.0000 1.8000
point 0.0000 0.0000 1.5000
point 0.0000 0.0000 1.0000
point -0.3500 0.0000 0.0000
point 0.3500 0.0000 0.0000
point -0.7734 0.0000 0.4551
point 1.0406 0.0000 0.7209
frame 40
segment 0.0000 0.0000 2.0000 0.0000 0.0000 1.8000
segment 0.0000 0.0000 1.8000 0.0000 0.0000 1.5000
segment 0.0000 0.0000 1.5000 0.0000 0.0000 1.0000
segment 0.0000 0.0000 1.0000 -0.3500 0.0000 0.0000
segment 0.0000 0.0000 1.0000 0.3500 0.0000 0.0000
segment 0.0000 0.0000 1.5000 -0.7245 0.0000 0.4206
segment 0.0000 0.0000 1.5000 0.9565 0.0000 0.6196
point 0.0000 0.0000 2.0000
point 0.0000 0.0000 1.8000
point 0.0000 0.0000 1.5000
point 0.0000 0.0000 1.0000
point -0.3500 0.0000 0.0000
point 0.3500 0.0000 0.0000
point -0.7245 0.0000 0.4206
point 0.9565 0.0000 0.6196
frame 41
segment 0.0000 0.0000 2.0000 0.0000 0.0000 1.8000
segment 0.0000 0.0000 1.8000 0.0000 0.0000 1.5000
segment 0.0000 0.0000 1.5000 0.0000 0.0000 1.0000
segment 0.0000 0.0000 1.0000 -0.3500 0.0000 0.0000
segment 0.0000 0.0000 1.0000 0.3500 0.0000 0.0000
segment 0.0000 0.0000 1.5000 -0.6778 0.0000 0.3907
segment 0.0000 0.0000 1.5000 0.8696 0.0000 0.5337
point 0.0000 0.0000 2.0000
point 0.0000 0.0000 1.8000
point 0.0000 0.0000 1.5000
point 0.0000 0.0000 1.0000
point -0.3500 0.0000 0.0000
point 0.3500 0.0000 0.0000
point -0.6778 0.0000 0.3907
point 0.8696 0.0000 0.5337
frame 42
segment 0.0000 0.0000 2.0000 0.0000 0.0000 1.8000
segment 0.0000 0.0000 1.8000 0.0000 0.0000 1.5000
segment 0.0000 0.0000 1.5000 0.0000 0.0000 1.0000
segment 0.0000 0.0000 1.0000 -0.3500 0.0000 0.0000
segment 0.0000 0.0000 1.0000 0.3500 0.0000 0.0000
segment 0.0000 0.0000 1.5000 -0.6344 0.0000 0.3653
segment 0.0000 0.0000 1.5000 0.7845 0.0000 0.4634
point 0.0000 0.0000 2.0000
point 0.0000 0.0000 1.8000
point 0.0000 0.0000 1.5000
point 0.0000 0.0000 1.0000
point -0.3500 0.0000 0.0000
point 0.3500 0.0000 0.0000
point -0.6344 0.0000 0.3653
point 0.7845 0.0000 0.4634
frame 43
segment 0.0000 0.0000 2.0000 0.0000 0.0000 1.8000
segment 0.0000 0.0000 1.8000 0.0000 0.0000 1.5000
segment 0.0000 0.0000 1.5000 0.0000 0.0000 1.0000
segment 0.0000 0.0000 1.0000 -0.3500 0.0000 0.0000
segment 0.0000 0.0000 1.0000 0.3500 0.0000 0.0000
segment 0.0000 0.0000 1.5000 -0.5956 0.0000 0.3445
segment 0.0000 0.0000 1.5000 0.7052 0.0000 0.4079
point 0.0000 0.0000 2.0000
point 0.0000 0.0000 1.8000
point 0.0000 0.0000 1.5000
point 0.0000 0.0000 1.0000
point -0.3500 0.0000 0.0000
point 0.3500 0.0000 0.0000
point -0.5956 0.0000 0.3445
point 0.7052 0.0000 0.4079
frame 44
segment 0.0000 0.0000 2.0000 0.0000 0.0000 1.8000
segment 0.0000 0.0000 1.8000 0.0000 0.0000 1.5000
segment 0.0000 0.0000 1.5000 0.0000 0.0000 1.0000
segment 0.0000 0.0000 1.0000 -0.3500 0.0000 0.0000
segment 0.0000 0.0000 1.0000 0.3500 0.0000 0.0000
segment 0.0000 0.0000 1.5000 -0.5624 0.0000 0.3280
segment 0.0000 0.0000 1.5000 0.6352 0.0000 0.3658
point 0.0000 0.0000 2.0000
point 0.0000 0.0000 1.8000
point 0.0000 0.0000 1.5000
point 0.0000 0.0000 1.0000
point -0.3500 0.0000 0.0000
point 0.3500 0.0000 0.0000
point -0.5624 0.0000 0.3280
point 0.6352 0.0000 0.3658
frame 45
segment 0.0000 0.0000 2.0000 0.0000 0.0000 1.8000
segment 0.0000 0.0000 1.8000 0.0000 0.0000 1.5000
segment 0.0000 0.0000 1.5000 0.0000 0.0000 1.0000
segment 0.0000 0.0000 1.0000 -0.3500 0.0000 0.0000
segment 0.0000 0.0000 1.0000 0.3500 0.0000 0.0000
segment 0.0000 0.0000 1.5000 -0.5356 0.0000 0.3155
segment 0.0000 0.0000 1.5000 0.5778 0.0000 0.3355
point 0.0000 0.0000 2.0000
point 0.0000 0.0000 1.8000
point 0.0000 0.0000 1.5000
point 0.0000 0.0000 1.0000
point -0.3500 0.0000 0.0000
point 0.3500 0.0000 0.0000
point -0.5356 0.0000 0.3155
point 0.5778 0.0000 0.3355
frame 46
segment 0.0000 0.0000 2.0000 0.0000 0.0000 1.8000
segment 0.0000 0.0000 1.8000 0.0000 0.0000 1.5000
segment 0.0000 0.0000 1.5000 0.0000 0.0000 1.0000
segment 0.0000 0.0000 1.0000 -0.3500 0.0000 0.0000
segment 0.0000 0.0000 1.0000 0.3500 0.0000 0.0000
segment 0.0000 0.0000 1.5000 -0.5160 0.0000 0.3068
segment 0.0000 0.0000 1.5000 0.5351 0.0000 0.3152
point 0.0000 0.0000 2.0000
point 0.0000 0.0000 1.8000
point 0.0000 0.0000 1.5000
point 0.0000 0.0000 1.0000
point -0.3500 0.0000 0.0000
point 0.3500 0.0000 0.0000
point -0.5160 0.0000 0.3068
point 0.5351 0.0000 0.3152
frame 47
segment 0.0000 0.0000 2.0000 0.0000 0.0000 1.8000
segment 0.0000 0.0000 1.8000 0.0000 0.0000 1.5000
segment 0.0000 0.0000 1.5000 0.0000 0.0000 1.0000
segment 0.0000 0.0000 1.0000 -0.3500 0.0000 0.0000
segment 0.0000 0.0000 1.0000 0.3500 0.0000 0.0000
segment 0.0000 0.0000 1.5000 -0.5040 0.0000 0.3017
segment 0.0000 0.0000 1.5000 0.5089 0.0000 0.3037
point 0.0000 0.0000 2.0000
point 0.0000 0.0000 1.8000
point 0.0000 0.0000 1.5000
point 0.0000 0.0000 1.0000
point -0.3500 0.0000 0.0000
point 0.3500 0.0000 0.0000
point -0.5040 0.0000 0.3017
point 0.5089 0.0000 0.3037
