# geoalg interpolate pose
ghostA 0.000000 0.000000 0.000000 -0.000000 0.000000 1.000000
ghostA -0.000000 0.000000 1.000000 -0.000000 -0.564642 1.825336
ghostA -0.000000 -0.564642 1.825336 -0.000000 -0.763312 2.805402
ghostB 0.000000 0.000000 0.000000 -0.000000 0.000000 1.000000
ghostB -0.000000 0.000000 1.000000 -0.520848 -0.379123 1.764842
ghostB -0.520848 -0.379123 1.764842 -0.206004 -0.149950 2.685903
frame 0
segment 0.000000 0.000000 0.000000 -0.000000 0.000000 1.000000
segment -0.000000 0.000000 1.000000 -0.000000 -0.564642 1.825336
segment -0.000000 -0.564642 1.825336 -0.000000 -0.763312 2.805402
path -0.000000 -0.763312 2.805402
frame 1
segment 0.000000 0.000000 0.000000 -0.000000 0.000000 1.000000
segment -0.000000 0.000000 1.000000 0.025342 -0.541008 1.840636
segment 0.025342 -0.541008 1.840636 0.034833 -0.743624 2.819848
path 0.034833 -0.743624 2.819848
frame 2
segment 0.000000 0.000000 0.000000 -0.000000 0.000000 1.000000
segment -0.000000 0.000000 1.000000 0.048436 -0.515876 1.855293
segment 0.048436 -0.515876 1.855293 0.067787 -0.721973 2.833633
path 0.067787 -0.721973 2.833633
frame 3
segment 0.000000 0.000000 0.000000 -0.000000 0.000000 1.000000
segment -0.000000 0.000000 1.000000 0.069183 -0.489427 1.869295
segment 0.069183 -0.489427 1.869295 0.098739 -0.698513 2.846746
path 0.098739 -0.698513 2.846746
frame 4
segment 0.000000 0.000000 0.000000 -0.000000 0.000000 1.000000
segment -0.000000 0.000000 1.000000 0.087498 -0.461847 1.882633
segment 0.087498 -0.461847 1.882633 0.127579 -0.673406 2.859176
path 0.127579 -0.673406 2.859176
frame 5
segment 0.000000 0.000000 0.000000 -0.000000 0.000000 1.000000
segment -0.000000 0.000000 1.000000 0.103310 -0.433328 1.895296
segment 0.103310 -0.433328 1.895296 0.154209 -0.646819 2.870914
path 0.154209 -0.646819 2.870914
frame 6
segment 0.000000 0.000000 0.000000 -0.000000 0.000000 1.000000
segment -0.000000 0.000000 1.000000 0.116563 -0.404065 1.907273
segment 0.116563 -0.404065 1.907273 0.178546 -0.618928 2.881948
path 0.178546 -0.618928 2.881948
frame 7
segment 0.000000 0.000000 0.000000 -0.000000 0.000000 1.000000
segment -0.000000 0.000000 1.000000 0.127215 -0.374259 1.918557
segment 0.127215 -0.374259 1.918557 0.200518 -0.589912 2.892271
path 0.200518 -0.589912 2.892271
frame 8
segment 0.000000 0.000000 0.000000 -0.000000 0.000000 1.000000
segment -0.000000 0.000000 1.000000 0.135241 -0.344113 1.929137
segment 0.135241 -0.344113 1.929137 0.220069 -0.559954 2.901874
path 0.220069 -0.559954 2.901874
frame 9
segment 0.000000 0.000000 0.000000 -0.000000 0.000000 1.000000
segment -0.000000 0.000000 1.000000 0.140628 -0.313829 1.939007
segment 0.140628 -0.313829 1.939007 0.237155 -0.529240 2.910749
path 0.237155 -0.529240 2.910749
frame 10
segment 0.000000 0.000000 0.000000 -0.000000 0.000000 1.000000
segment -0.000000 0.000000 1.000000 0.143383 -0.283612 1.948159
segment 0.143383 -0.283612 1.948159 0.251748 -0.497959 2.918887
path 0.251748 -0.497959 2.918887
frame 11
segment 0.000000 0.000000 0.000000 -0.000000 0.000000 1.000000
segment -0.000000 0.000000 1.000000 0.143523 -0.253664 1.956585
segment 0.143523 -0.253664 1.956585 0.263832 -0.466298 2.926282
path 0.263832 -0.466298 2.926282
frame 12
segment 0.000000 0.000000 0.000000 -0.000000 0.000000 1.000000
segment -0.000000 0.000000 1.000000 0.141085 -0.224186 1.964280
segment 0.141085 -0.224186 1.964280 0.273408 -0.434448 2.932929
path 0.273408 -0.434448 2.932929
frame 13
segment 0.000000 0.000000 0.000000 -0.000000 0.000000 1.000000
segment -0.000000 0.000000 1.000000 0.136118 -0.195374 1.971237
segment 0.136118 -0.195374 1.971237 0.280490 -0.402595 2.938819
path 0.280490 -0.402595 2.938819
frame 14
segment 0.000000 0.000000 0.000000 -0.000000 0.000000 1.000000
segment -0.000000 0.000000 1.000000 0.128686 -0.167422 1.977451
segment 0.128686 -0.167422 1.977451 0.285104 -0.370923 2.943950
path 0.285104 -0.370923 2.943950
frame 15
segment 0.000000 0.000000 0.000000 -0.000000 0.000000 1.000000
segment -0.000000 0.000000 1.000000 0.118868 -0.140517 1.982917
segment 0.118868 -0.140517 1.982917 0.287291 -0.339615 2.948315
path 0.287291 -0.339615 2.948315
frame 16
segment 0.000000 0.000000 0.000000 -0.000000 0.000000 1.000000
segment -0.000000 0.000000 1.000000 0.106757 -0.114840 1.987631
segment 0.106757 -0.114840 1.987631 0.287107 -0.308846 2.951911
path 0.287107 -0.308846 2.951911
frame 17
segment 0.000000 0.000000 0.000000 -0.000000 0.000000 1.000000
segment -0.000000 0.000000 1.000000 0.092458 -0.090564 1.991589
segment 0.092458 -0.090564 1.991589 0.284618 -0.278788 2.954733
path 0.284618 -0.278788 2.954733
frame 18
segment 0.000000 0.000000 0.000000 -0.000000 0.000000 1.000000
segment -0.000000 0.000000 1.000000 0.076090 -0.067854 1.994790
segment 0.076090 -0.067854 1.994790 0.279904 -0.249606 2.956780
path 0.279904 -0.249606 2.956780
frame 19
segment 0.000000 0.000000 0.000000 -0.000000 0.000000 1.000000
segment -0.000000 0.000000 1.000000 0.057784 -0.046865 1.997229
segment 0.057784 -0.046865 1.997229 0.273056 -0.221458 2.958048
path 0.273056 -0.221458 2.958048
frame 20
segment 0.000000 0.000000 0.000000 -0.000000 0.000000 1.000000
segment -0.000000 0.000000 1.000000 0.037681 -0.027742 1.998905
segment 0.037681 -0.027742 1.998905 0.264177 -0.194494 2.958536
path 0.264177 -0.194494 2.958536
frame 21
segment 0.000000 0.000000 0.000000 -0.000000 0.000000 1.000000
segment -0.000000 0.000000 1.000000 0.015934 -0.010618 1.999817
segment 0.015934 -0.010618 1.999817 0.253381 -0.168853 2.958243
path 0.253381 -0.168853 2.958243
frame 22
segment 0.000000 0.000000 0.000000 -0.000000 0.000000 1.000000
segment -0.000000 0.000000 1.000000 -0.007295 0.004383 1.999964
segment -0.007295 0.004383 1.999964 0.240789 -0.144667 2.957167
path 0.240789 -0.144667 2.957167
frame 23
segment 0.000000 0.000000 0.000000 -0.000000 0.000000 1.000000
segment -0.000000 0.000000 1.000000 -0.031835 0.017153 1.999346
segment -0.031835 0.017153 1.999346 0.226535 -0.122056 2.955309
path 0.226535 -0.122056 2.955309
frame 24
segment 0.000000 0.000000 0.000000 -0.000000 0.000000 1.000000
segment -0.000000 0.000000 1.000000 -0.057508 0.027595 1.997964
segment -0.057508 0.027595 1.997964 0.210758 -0.101131 2.952669
path 0.210758 -0.101131 2.952669
frame 25
segment 0.000000 0.000000 0.000000 -0.000000 0.000000 1.000000
segment -0.000000 0.000000 1.000000 -0.084129 0.035627 1.995818
segment -0.084129 0.035627 1.995818 0.193605 -0.081988 2.949249
path 0.193605 -0.081988 2.949249
frame 26
segment 0.000000 0.000000 0.000000 -0.000000 0.000000 1.000000
segment -0.000000 0.000000 1.000000 -0.111506 0.041181 1.992910
segment -0.111506 0.041181 1.992910 0.175231 -0.064715 2.945049
path 0.175231 -0.064715 2.945049
frame 27
segment 0.000000 0.000000 0.000000 -0.000000 0.000000 1.000000
segment -0.000000 0.000000 1.000000 -0.139444 0.044202 1.989243
segment -0.139444 0.044202 1.989243 0.155794 -0.049384 2.940072
path 0.155794 -0.049384 2.940072
frame 28
segment 0.000000 0.000000 0.000000 -0.000000 0.000000 1.000000
segment -0.000000 0.000000 1.000000 -0.167743 0.044652 1.984819
segment -0.167743 0.044652 1.984819 0.135457 -0.036057 2.934322
path 0.135457 -0.036057 2.934322
frame 29
segment 0.000000 0.000000 0.000000 -0.000000 0.000000 1.000000
segment -0.000000 0.000000 1.000000 -0.196202 0.042507 1.979642
segment -0.196202 0.042507 1.979642 0.114388 -0.024782 2.927801
path 0.114388 -0.024782 2.927801
frame 30
segment 0.000000 0.000000 0.000000 -0.000000 0.000000 1.000000
segment -0.000000 0.000000 1.000000 -0.224619 0.037758 1.973715
segment -0.224619 0.037758 1.973715 0.092756 -0.015592 2.920513
path 0.092756 -0.015592 2.920513
frame 31
segment 0.000000 0.000000 0.000000 -0.000000 0.000000 1.000000
segment -0.000000 0.000000 1.000000 -0.252789 0.030413 1.967043
segment -0.252789 0.030413 1.967043 0.070732 -0.008510 2.912463
path 0.070732 -0.008510 2.912463
frame 32
segment 0.000000 0.000000 0.000000 -0.000000 0.000000 1.000000
segment -0.000000 0.000000 1.000000 -0.280512 0.020492 1.959632
segment -0.280512 0.020492 1.959632 0.048485 -0.003542 2.903657
path 0.048485 -0.003542 2.903657
frame 33
segment 0.000000 0.000000 0.000000 -0.000000 0.000000 1.000000
segment -0.000000 0.000000 1.000000 -0.307587 0.008035 1.951486
segment -0.307587 0.008035 1.951486 0.026188 -0.000684 2.894099
path 0.026188 -0.000684 2.894099
frame 34
segment 0.000000 0.000000 0.000000 -0.000000 0.000000 1.000000
segment -0.000000 0.000000 1.000000 -0.333817 -0.006909 1.942613
segment -0.333817 -0.006909 1.942613 0.004007 0.000083 2.883796
path 0.004007 0.000083 2.883796
frame 35
segment 0.000000 0.000000 0.000000 -0.000000 0.000000 1.000000
segment -0.000000 0.000000 1.000000 -0.359010 -0.024271 1.933018
segment -0.359010 -0.024271 1.933018 -0.017890 -0.001209 2.872755
path -0.017890 -0.001209 2.872755
frame 36
segment 0.000000 0.000000 0.000000 -0.000000 0.000000 1.000000
segment -0.000000 0.000000 1.000000 -0.382980 -0.043970 1.922710
segment -0.382980 -0.043970 1.922710 -0.039343 -0.004517 2.860983
path -0.039343 -0.004517 2.860983
frame 37
segment 0.000000 0.000000 0.000000 -0.000000 0.000000 1.000000
segment -0.000000 0.000000 1.000000 -0.405545 -0.065912 1.911696
segment -0.405545 -0.065912 1.911696 -0.060193 -0.009783 2.848489
path -0.060193 -0.009783 2.848489
frame 38
segment 0.000000 0.000000 0.000000 -0.000000 0.000000 1.000000
segment -0.000000 0.000000 1.000000 -0.426534 -0.089989 1.899984
segment -0.426534 -0.089989 1.899984 -0.080289 -0.016939 2.835280
path -0.080289 -0.016939 2.835280
frame 39
segment 0.000000 0.000000 0.000000 -0.000000 0.000000 1.000000
segment -0.000000 0.000000 1.000000 -0.445781 -0.116078 1.887584
segment -0.445781 -0.116078 1.887584 -0.099486 -0.025905 2.821365
path -0.099486 -0.025905 2.821365
frame 40
segment 0.000000 0.000000 0.000000 -0.000000 0.000000 1.000000
segment -0.000000 0.000000 1.000000 -0.463133 -0.144048 1.874505
segment -0.463133 -0.144048 1.874505 -0.117644 -0.036591 2.806755
path -0.117644 -0.036591 2.806755
frame 41
segment 0.000000 0.000000 0.000000 -0.000000 0.000000 1.000000
segment -0.000000 0.000000 1.000000 -0.478444 -0.173753 1.860756
segment -0.478444 -0.173753 1.860756 -0.134636 -0.048895 2.791459
path -0.134636 -0.048895 2.791459
frame 42
segment 0.000000 0.000000 0.000000 -0.000000 0.000000 1.000000
segment -0.000000 0.000000 1.000000 -0.491580 -0.205039 1.846350
segment -0.491580 -0.205039 1.846350 -0.150340 -0.062707 2.775487
path -0.150340 -0.062707 2.775487
frame 43
segment 0.000000 0.000000 0.000000 -0.000000 0.000000 1.000000
segment -0.000000 0.000000 1.000000 -0.502421 -0.237740 1.831296
segment -0.502421 -0.237740 1.831296 -0.164643 -0.077907 2.758851
path -0.164643 -0.077907 2.758851
frame 44
segment 0.000000 0.000000 0.000000 -0.000000 0.000000 1.000000
segment -0.000000 0.000000 1.000000 -0.510857 -0.271684 1.815606
segment -0.510857 -0.271684 1.815606 -0.177446 -0.094369 2.741563
path -0.177446 -0.094369 2.741563
frame 45
segment 0.000000 0.000000 0.000000 -0.000000 0.000000 1.000000
segment -0.000000 0.000000 1.000000 -0.516793 -0.306689 1.799292
segment -0.516793 -0.306689 1.799292 -0.188658 -0.111959 2.723633
path -0.188658 -0.111959 2.723633
frame 46
segment 0.000000 0.000000 0.000000 -0.000000 0.000000 1.000000
segment -0.000000 0.000000 1.000000 -0.520146 -0.342566 1.782366
segment -0.520146 -0.342566 1.782366 -0.198200 -0.130534 2.705076
path -0.198200 -0.130534 2.705076
frame 47
segment 0.000000 0.000000 0.000000 -0.000000 0.000000 1.000000
segment -0.000000 0.000000 1.000000 -0.520848 -0.379123 1.764842
segment -0.520848 -0.379123 1.764842 -0.206004 -0.149950 2.685903
path -0.206004 -0.149950 2.685903
